0.055717
0.067988
0.068953
0.070802
0.071204
0.066188
0.06902
0.071885
0.071896
0.067836
0.068561
0.065442
0.06697
0.071898
0.071546
0.070293
0.065587
0.069221
0.072033
0.07022
0.070767
0.073814
0.077614
0.068264
0.067914
0.070532
0.068626
0.068205
0.064527
0.071344
0.064413
0.068262
0.067693
0.066887
0.067291
0.066648
0.064921
0.069983
0.07639
0.069452
0.072337
0.070662
0.07233
0.06575
0.069797
0.070097
0.070453
0.074992
0.071967
0.074412
0.065767
0.068424
0.071657
0.065714
0.07223
0.065823
0.068617
0.073767
0.066927
0.066102
0.070876
0.064391
0.080301
0.066295
0.076121
0.072427
0.071172
0.065909
0.069811
0.073365
0.066263
0.074195
0.068621
0.070201
0.068036
0.069412
0.076102
0.073834
0.065957
0.067966
0.069739
0.074801
0.066965
0.067501
0.06874
0.070275
0.068441
0.065627
0.067465
0.066187
0.068648
0.068118
0.068185
0.070246
0.072117
0.069635
0.06962
0.06984
0.072338
0.066668
0.068991
0.072572
0.07142
0.06978
0.068532
0.070677
0.072972
0.066499
0.064182
0.075338
0.072006
0.068824
0.068453
0.07226
0.066976
0.06782
0.067356
0.067719
0.067533
0.068389
0.066853
0.070805
0.075913
0.06903
0.074288
0.071934
0.069336
0.075438
0.066957
0.074786
0.071109
0.072904
0.069141
0.067783
0.067108
0.069621
0.077576
0.071095
0.068322
0.069362
0.066702
0.06875
0.067925
0.068279
0.072179
0.069132
0.0675
0.067363
0.076306
0.071468
0.066227
0.070012
0.074493
0.074835
0.071795
0.070613
0.066951
0.071855
0.070076
0.06685
0.076314
0.070339
0.074224
0.068748
0.067745
0.063587
0.06946
0.078775
0.067831
0.065069
0.068539
0.067506
0.072815
0.071719
0.065994
0.067065
0.068464
0.069383
0.078693
0.070129
0.068024
0.072174
0.072064
0.066522
0.071096
0.071925
0.073365
0.07818
0.066515
0.07015
0.073282
0.071803
0.06763
0.071526
0.072225
0.069429
0.064963
0.069044
0.068373
0.064461
0.07876
0.073083
0.077973
0.067553
0.068036
0.067745
0.068652
0.072407
0.06799
0.074296
0.07141
0.073951
0.069081
0.06824
0.068429
0.068261
0.068641
0.074791
0.069513
0.069705
0.066113
0.068215
0.070037
0.070419
0.071483
0.068991
0.068648
0.066315
0.069473
0.072422
0.068222
0.066007
0.070349
0.069687
0.073699
0.069143
0.072957
0.066136
0.07691
0.06935
0.070273
0.069404
0.067025
0.068875
0.072322
0.068777
0.071298
0.066005
0.068587
0.072712
0.07559
0.070388
0.069659
0.068235
0.08102
0.06968
0.067111
0.071514
0.076106
0.07597
0.069798
0.077929
0.068186
0.070184
0.067765
0.071169
0.069759
0.064532
0.069245
0.074026
0.069467
0.073517
0.068688
0.074791
0.071242
0.067996
0.067037
0.069063
0.070055
0.071946
0.07292
0.064285
0.069228
0.07681
0.066924
0.067648
0.073078
0.071512
0.065707
0.073504
0.077024
0.07319
0.066916
0.070166
0.071044
0.066126
0.07026
0.065675
0.065337
0.070711
0.068762
0.072417
0.064766
0.067193
0.068278
0.066021
0.064629
0.069671
0.065364
0.064975
0.065808
0.064811
0.069337
0.06901
0.067959
0.066703
0.067439
0.075118
0.066711
0.065783
0.07045
0.065646
0.072083
0.06819
0.071383
0.071868
0.072561
0.067127
0.069196
0.068321
0.070337
0.070401
0.06729
0.06941
0.069172
0.071735
0.06926
0.068582
