0.147401
0.156951
0.161133
0.134662
0.167938
0.132006
0.146703
0.142762
0.15006
0.14421
0.13456
0.153924
0.124071
0.117225
0.144878
0.132994
0.140906
0.138516
0.137507
0.129543
0.138612
0.157705
0.154539
0.169176
0.111822
0.157859
0.143888
0.154834
0.139965
0.159877
0.126878
0.146384
0.152323
0.133852
0.148769
0.151667
0.119593
0.149228
0.133802
0.140354
0.141014
0.161775
0.132813
0.148126
0.131501
0.157948
0.140831
0.142177
0.121845
0.133627
0.134237
0.135753
0.151334
0.141019
0.146363
0.142749
0.142076
0.131492
0.139663
0.131912
0.123727
0.140119
0.149789
0.134785
0.148093
0.145356
0.156931
0.178938
0.134908
0.154438
0.140064
0.138633
0.117776
0.14231
0.195388
0.128022
0.155017
0.15008
0.133885
0.145589
0.134879
0.13484
0.131235
0.141993
0.109946
0.134877
0.143851
0.148164
0.133744
0.14685
0.14246
0.145874
0.133248
0.141613
0.133295
0.125545
0.116217
0.152114
0.134334
0.138714
0.127703
0.137868
0.12688
0.126574
0.148074
0.113094
0.12868
0.126264
0.108452
0.124521
0.151289
0.126494
0.136407
0.124896
0.123229
0.143169
0.137321
0.130559
0.117687
0.124455
0.12869
0.130654
0.129631
0.136556
0.126386
0.13991
0.123796
0.133222
0.146999
0.131505
0.131372
0.141492
0.121068
0.118645
0.145093
0.120702
0.125298
0.145319
0.127326
0.140542
0.138745
0.143008
0.170834
0.143364
0.120259
0.132722
0.153174
0.14362
0.156347
0.154186
0.154276
